5149
5883
9363
7281
7788
8304
2403
2205
2475
3310
1698
4671
2648
3699
4443
4465
4691
1513
5778
5398
8749
2324
8829
9968
1101
3080
5571
5355
2428
8565
7213
1129
7312
2864
9113
2202
8853
1791
1709
8823
7239
7840
1704
5932
4141
3318
7524
2896
9071
2721
5224
4098
5864
2682
8682
3457
5254
328
4321
4216
4798
1281
2377
2533
2125
8673
9536
3685
2745
5552
1885
8493
3159
899
1888
7655
5829
5617
6852
2583
2487
7568
5521
8073
8687
7052
4751
3194
3797
6307
5557
4815
9462
2048
9055
3269
1513
9617
1741
6182
7741
1559
9944
1029
4206
9995
1247
6390
1046
6807
4592
7645
7056
4568
659
3105
4727
4574
1952
4941
3037
3485
7553
2307
9
6995
8753
4557
5848
102
7700
1761
5619
4889
5376
1168
2945
8875
7033
5804
883
5741
5323
68
4317
3646
4768
8093
9029
2805
7777
2526
5044
3993
3289
184
8793
3200
6742
9472
5437
8051
3928
2923
4577
3338
3596
8789
8771
8377
6978
4461
6304
2070
6249
2513
2643
7670
5533
3841
9035
8676
1719
163
2299
3469
4723
4610
3387
6827
7727
2099
5660
9835
8319
9351
9737
8077
2205
6278
7961
7832
2269
4814
2624
839
8399
3671
5557
9124
5566
7762
8095
7759
2085
9326
360
2716
8849
5350
1716
1446
866
3674
1226
3139
571
3129
8753
1510
5705
7480
7222
9675
144
1585
1577
6275
2656
715
1848
9020
5334
2418
5779
4603
4047
9875
6943
8073
9704
5239
2982
3640
6738
505
3003
9328
369
725
3115
890
9507
2046
2831
8264
2637
2316
3854
2014
8672
5377
6463
130
5819
7159
4957
3004
4138
327
2787
2313
5676
4488
2694
1474
4595
9827
1266
3748
6325
607
93
3596
6847
4189
8679
2017
9672
6354
6659
4989
6723
6044
4271
2457
15
6419
7439
181
4089
478
2473
1537
8289
9887
9017
3914
6986
8380
1652
3780
90
4923
377
8176
9473
1177
723
2347
8183
2359
4316
6820
7038
1729
4604
199
2407
6524
5567
9946
1248
3180
660
3539
9003
4239
7809
3108
1945
5274
4692
7396
6517
9646
821
2587
9598
949
2359
3210
6508
7087
3069
6037
180
8532
5705
5662
806
1861
4255
1535
8212
1300
169
4884
3837
8940
4276
3954
9863
8383
4407
4184
58
4058
8419
769
5497
2183
2422
6626
6588
2558
698
6870
7737
1368
3866
900
8050
7795
3317
2153
1863
3707
6299
8504
3308
9499
7076
203
613
8815
1424
4052
733
5189
8441
7492
5670
640
9525
583
4267
5449
1271
1691
3122
3858
6933
9947
7005
4712
4964
5868
7039
7381
1231
7299
3836
7838
9047
2416
7129
8784
8804
2044
1874
5234
1098
2362
298
4455
6439
5613
3741
6754
4712
838
786
5238
603
664
3548
6105
3343
7291
8656
4085
8312
152
2576
5659
255
5991
2070
1316
5094
9075
6492
8389
473
4791
3960
1102
5280
7400
5398
8143
7857
1646
141
7191
3698
7183
2851
5083
1020
9722
7644
7632
8187
3821
9262
1061
6034
228
928
3247
7387
5951
2592
8914
4828
7310
8484
6009
8149
6299
1705
4931
3974
2948
2487
9594
2574
1828
1878
3969
8558
1726
8873
4761
5756
1829
6872
7984
3571
1098
811
8295
3367
6130
1010
4958
8214
8915
7747
7454
4106
3708
5419
2226
5531
6094
1701
6179
34
5067
7896
3279
1737
8170
8410
9445
9917
9363
2963
672
773
2237
3084
3406
5245
834
4646
6315
4283
7563
9207
8495
5250
7229
8544
2160
8261
8736
6042
9925
9619
344
5902
5545
1184
9698
6419
8920
5909
2221
9826
8377
9230
6114
4390
600
6337
8305
6704
2543
591
6473
9974
9792
2658
1748
9147
8754
230
1469
3850
7557
4516
4111
8412
403
8569
315
1161
1382
6774
9173
5307
6720
9313
2476
590
2219
3048
4
2211
7709
3333
1346
6900
9463
605
243
1634
4938
8563
2665
7530
8359
9018
6403
3350
9938
2503
3400
2271
6226
9317
6624
9744
5768
4913
2383
1782
3289
9622
8255
4772
7257
2451
3145
7683
8278
7944
5919
9463
1678
1168
4393
3308
4670
5544
8250
7823
8937
4782
1246
6089
4193
1893
8322
8982
8420
7620
3168
4836
8374
2766
2582
5783
1639
7164
978
9401
1089
2230
1372
6607
1953
9762
3824
1046
2239
7043
7862
7292
2699
4322
7616
9324
7350
5738
3839
3505
8218
5933
8163
7947
6359
932
8445
1584
2876
5652
9602
4649
2654
9244
3662
765
8727
2491
9250
3468
9550
238
1901
4401
5166
5207
4770
8411
4390
1785
5755
6469
8269
2976
4522
3520
3360
7934
7368
9426
6938
5983
7020
5928
9679
7022
2649
2487
4948
9616
1716
5568
9710
6142
2689
6594
1893
4193
681
8154
3061
1958
4666
9493
9730
1137
2171
7670
4517
3101
410
1378
1895
2001
9413
3049
920
1759
3601
5103
4012
7846
3018
9544
1316
6951
6039
5411
645
8676
9897
525
5206
7716
6544
5718
1403
5204
970
1697
265
8488
5737
5284
4582
6126
2512
672
5262
7155
2938
8810
7668
559
5670
2856
931
4668
5027
2679
9536
2356
3652
1929
7055
8616
9681
1436
5118
541
8874
9237
1489
4368
2232
7180
3851
9690
5841
7921
7973
9407
8247
8268
6143
4801
2895
8162
80
5169
2489
2035
2796
6773
3632
5089
2113
2581
4112
395
9645
1648
8319
3623
8208
5564
5450
3598
5178
1130
9757
832
7521
1047
4270
2585
8544
510
7862
732
1967
9531
7709
6395
4075
4187
1329
1289
4035
9840
499
454
2158
4817
1022
7274
8092
2285
2324
1677
7255
5360
4279
9714
9749
8542
6673
8692
2653
2060
2017
4329
5412
2558
5475
8051
83
9035
1994
8997
2775
460
3372
2787
4580
1172
2634
1170
1206
9098
3611
9982
7238
3713
3684
9210
6262
1576
6390
3586
7817
9197
9955
9037
4994
461
7438
9311
3655
6263
2303
6490
8961
4606
1136
8020
3827
8397
8648
1075
2837
4885
9681
7253
684
6945
5463
4221
7335
6091
1743
5367
5353
4887
673
1085
9230
7501
4084
7522
5259
1764
6389
2747
743
7210
3011
5870
5184
3664
6507
9250
7003
3506
8651
2678
1900
8676
8692
7710
2814
2520
9377
6791
5695
4445
6190
2972
4955
7185
6295
9697
2180
4278
863
6813
6955
5491
5690
6180
4973
785
7079
1026
3581
7350
429
5044
4650
2031
6896
7889
1053
3333
2848
3974
2113
6850
5727
6414
7038
3502
5645
4352
6948
2226
7394
1778
5473
3597
2215
5340
16
2212
3409
8759
6942
6164
523
709
9370
2116
4654
938
7736
7654
8256
1255
7649
5724
903
6407
1595
1047
7928
8355
2641
9994
8865
9120
2479
8205
7870
4104
6380
8782
9516
2406
6435
5009
9768
2203
5456
7112
7075
1341
6388
462
3077
1215
9445
7886
3658
7420
3590
6257
13
9101
7422
3875
256
6714
3255
6775
3829
8909
325
8081
4844
5714
9328
5857
9098
3898
9120
7088
178
5055
2277
2658
2851
9906
4400
7803
3437
9632
4290
239
6288
1827
415
4626
4052
853
6605
1230
5919
7423
2319
5026
3222
9039
57
887
2244
7368
3487
4126
7792
163
8142
5701
1069
1828
4231
697
8979
7303
7700
6230
7478
5769
8712
9673
4960
1939
5399
7126
4800
1105
2174
8357
7470
9537
177
6728
1593
151
7216
1943
2191
3198
9669
636
569
1064
4444
4235
193
6374
5903
2425
6352
8291
4765
9374
9160
1354
9783
5412
1259
1193
6439
2047
8519
2573
29
3223
94
5165
2407
6944
6534
2946
3595
7227
9
8387
3653
6053
4634
7712
7032
3901
8517
1381
3155
7251
9089
8606
5585
620
214
7097
2316
866
7477
502
9344
312
2792
4459
2920
5931
2918
1685
8407
3013
2675
1001
6804
939
8658
3369
8499
4501
1976
1650
4908
6174
4767
6689
923
6241
8883
5526
2083
6275
2204
3489
8623
9440
2521
792
7511
7966
9669
4842
2123
6814
4009
5550
5103
6417
5886
2005
147
3222
6237
9999
6734
1345
4181
8681
4342
9240
8263
2019
9439
5527
9538
7008
9454
4963
7942
839
552
3004
343
1734
9964
523
9712
934
5385
8939
3985
8265
9021
8804
1143
5600
5100
9106
1159
3609
1993
3508
6886
1318
5412
6624
2024
8425
1008
1844
5859
9051
9456
8200
319
140
1949
8047
5276
2628
9702
7661
6064
4968
405
6930
1596
1433
2394
7139
7705
5190
5510
3402
9764
273
6326
2852
3956
2143
5610
648
1156
4921
2385
9240
1473
7488
8355
5120
5137
461
8955
3291
1198
1958
7774
228
9294
3197
9820
4138
2064
9026
5282
8109
8677
409
7546
3973
5561
3958
8592
5171
205
4405
8081
2030
1602
6694
2530
4623
3267
6949
7674
7225
5103
6008
781
879
4018
721
6966
4522
8544
1731
7137
562
1293
6674
4818
9833
9196
4675
4389
4663
2833
3123
5155
9424
7461
6851
621
9954
1622
2736
1913
7643
7240
2785
8630
2375
9101
5449
1629
7078
5644
4861
3462
3532
688
9488
9508
627
4640
7641
7998
5051
9526
8182
5259
4657
3503
1274
4073
2141
9086
8129
8282
1301
2525
5285
1356
239
1153
425
4548
548
5256
898
582
4864
9234
278
5203
5798
4505
3660
8079
145
7183
6243
7485
4405
7746
399
4570
6755
1919
7022
5155
9579
7712
9864
8388
2844
9267
6357
5342
7719
9097
4744
1380
7186
3702
3017
3491
5272
4284
769
7179
3741
111
2222
7710
8559
2533
7574
2563
4585
6460
7033
7847
6577
4151
5087
5010
3889
8599
6528
3361
7283
6210
1970
1478
4869
5682
4653
3000
8235
7916
6795
4551
1716
7819
4923
9040
6789
8762
4980
1081
4930
5227
2039
7723
5115
4390
7229
2457
3091
5184
2383
3249
555
7831
7989
4301
3709
7800
4374
438
5205
1646
5838
3383
6762
2504
7085
3561
8298
421
8924
6640
5235
5262
6331
9745
7486
6912
2246
8622
6901
7844
662
1904
6085
493
5747
9712
8671
3374
6231
178
3177
3397
5902
622
418
8872
5066
4364
3778
842
3507
3675
6175
5290
2107
431
4108
137
8047
6037
2716
6854
2969
163
5348
2839
7170
5169
1775
6454
598
8670
1227
3142
4784
2977
7744
8128
5636
637
4209
4654
6235
5263
9435
2419
345
599
8826
3734
522
6001
7707
521
6075
7631
8220
2570
1238
5861
2512
3413
8165
112
3790
7027
8055
99
7529
7940
2416
2096
9147
8757
5786
5344
9994
4941
4202
2991
1980
4602
3405
8919
2087
7715
6418
9527
6833
7097
5809
1023
5574
5055
9000
6939
1688
7907
9079
3946
2305
3048
9425
2954
2676
8993
5235
7361
3809
6444
257
3866
247
169
6604
7258
9699
8166
1680
3039
23
1496
5145
2052
6774
4728
9685
7923
2588
5976
4644
8968
5787
4432
2509
1453
4384
3145
5675
8999
5539
612
2276
1228
6013
3656
1881
9312
3044
3447
2105
4875
2642
5708
8593
5736
6148
8724
6446
8396
3806
7702
8979
3889
7420
6415
5046
8127
5299
430
3540
9558
8021
985
2005
7034
6228
4762
4314
4507
1982
8298
659
2655
8982
3625
1197
7519
1955
8215
7193
1723
7250
1089
7975
7962
1511
6107
7073
9619
3313
6518
5492
1665
2603
6815
4249
6966
4430
7860
4739
5999
7812
3571
4672
3168
3895
5889
1826
6364
7400
4420
7784
7362
7644
1246
4501
7047
2657
6054
7746
9341
5454
2341
7007
7517
3112
4825
2500
550
4144
2905
3382
1169
6442
2358
1878
7168
9785
4586
8755
4931
950
9777
7199
3015
1952
8512
2159
9580
2109
4774
2156
5585
5054
9229
1351
1213
7984
6125
1802
2477
9919
6430
7321
3045
1525
5719
6167
9029
7648
6232
9124
3242
1138
5984
6948
8765
7490
9596
8251
5068
5840
493
3253
931
2117
7861
1330
1031
2376
4557
4750
5087
2429
2678
6287
4095
6681
3610
3015
6834
8577
5710
1258
2243
4143
8999
4777
3416
7718
7749
1532
6124
9085
64
2703
183
7767
3646
3987
6029
5604
79
1077
9488
5008
3877
4188
2834
4857
9875
8412
5307
9310
5808
1799
9922
6674
904
3571
1196
5776
1360
3767
4911
6105
1908
6863
1234
9065
2158
4687
9891
5991
2757
2259
2292
459
5120
7093
3747
554
4197
9208
2020
2716
1347
2065
2733
9871
3192
6438
2286
2868
3344
9727
1242
9255
9659
7096
2695
2493
5593
6728
4510
102
9092
5116
2751
241
8506
5165
837
9183
6358
1568
5489
4207
7018
1916
7798
6745
4347
9558
7360
7222
3545
984
7793
2332
4442
9792
3642
4168
1154
3988
9858
6548
8832
5972
9286
2184
6360
3768
5437
4572
9336
2600
2903
1324
5354
4730
7730
4980
8709
4054
4328
1547
2880
8966
2504
2284
3124
729
9999
9662
3997
39
83
9718
1533
30
2636
4083
9117
3114
8591
8327
4593
6436
680
8181
3814
8961
3396
9877
9642
9275
7065
8229
2248
4638
3506
3434
6271
5496
1274
5012
9391
8403
4004
2671
4431
4143
8533
549
9709
600
4047
6385
7139
919
2778
3215
2946
1604
8481
9824
6814
3209
935
457
7782
2850
6644
5482
4782
609
8527
6524
5915
366
9946
1716
58
7499
6869
1028
6141
1813
3936
6497
1971
3078
5600
5439
9075
5672
8349
9080
2245
2548
8550
7307
8029
4265
2001
5905
3396
3384
3507
8123
7749
9195
7800
968
705
8406
6864
2947
560
9637
8838
5592
9221
741
2286
7511
5356
1344
3403
2401
4114
1648
5018
2048
5841
4644
7486
1411
6663
8048
9017
3718
5298
2862
9075
7904
2506
9939
3194
4278
1115
6493
6759
6317
9037
9416
4681
157
8306
2880
6752
3200
2043
3024
8839
4538
8423
3481
4127
1347
2585
2366
4229
6415
3141
2364
1343
4175
9191
1687
8120
1105
6657
336
133
7106
463
595
8195
8803
7159
2044
9071
5305
9314
9449
3234
5774
1138
123
1255
9910
5088
3206
1099
8988
787
3000
9855
4714
8174
9414
7404
8375
4230
9890
9173
6827
9230
3561
6242
2511
1538
7161
3310
2031
7389
9343
7710
7473
551
46
5979
6783
6990
8156
4783
4831
6287
1254
5321
7637
5361
7172
2108
126
1167
8359
5818
4733
4144
4159
8504
9587
9109
8809
1999
1559
62
2006
879
277
1097
1335
3615
7523
2616
547
2581
174
4413
5579
7086
9603
533
1925
2411
1945
6447
20
7673
2396
8600
6937
411
9269
9796
2915
8870
6788
3690
4385
1753
528
988
7784
5926
1301
914
4177
6754
1372
7698
9130
6949
1160
5918
5212
3661
2092
3835
8812
7142
5419
825
9787
6702
3607
3635
6824
504
683
6933
2966
4992
5652
3637
9384
1269
5002
96
6968
7752
7100
3922
2759
3904
8361
865
9902
1751
267
6166
1699
4196
2542
4665
2904
1478
4479
4232
2782
6745
2447
7507
1911
9224
6359
7367
6712
784
9013
902
8797
5789
1860
4575
902
2227
7194
7823
4111
9771
5034
3172
4974
696
3706
7194
9173
5989
2816
5860
1688
6557
4597
4808
4440
7430
155
4295
7310
9066
1259
5031
7315
2948
5447
2480
8540
5908
9694
3615
5619
1295
8893
4106
3440
6454
2675
657
7238
3040
3645
7117
1546
2775
48
5080
2223
1341
1670
5608
429
2904
1167
7737
5360
801
5496
5910
4828
8293
7337
9172
9805
8582
8361
5787
9837
2385
6044
2994
7759
764
3484
4566
665
8524
6325
9622
1774
8848
7002
1550
1993
6126
6342
4511
7990
4920
5053
935
1322
8907
6241
5506
915
6468
9936
3564
3497
5406
2090
3505
2228
428
2592
1044
7431
5359
7208
5544
5098
3541
8525
8750
8886
6287
6467
6652
1242
1374
7801
6614
7818
2905
1399
44
7527
7533
1895
400
1129
2177
8832
9938
4280
9028
2285
4090
1195
1190
8668
6977
2871
8192
1954
4828
4265
6528
3563
8101
7807
3637
1024
2056
4673
276
2737
8
669
8485
6562
764
7648
1885
5587
1657
6144
7672
4406
3500
5126
8162
9541
9524
4569
1315
5628
7770
3141
6437
9474
1151
6059
3379
8933
8096
2610
5920
195
9800
6955
2288
3941
8994
1026
3415
1846
1401
1232
6636
4097
8063
9374
9386
1080
8950
7492
8499
177
4350
9935
9153
3355
2604
5312
6123
6558
1907
4545
6768
7920
7329
7059
6099
4756
585
1652
4131
1534
5832
7404
6213
1889
4246
4310
5616
2057
396
7323
9637
5108
8716
5353
4649
5450
1393
1603
3617
3870
4212
2195
7897
2909
2455
7467
353
388
4418
7592
8580
1758
6681
2599
6934
9098
5830
5826
4425
171
2648
4755
9980
5657
5559
3481
2897
8164
418
8760
137
473
2263
8219
5807
6398
4367
2965
4605
4103
7796
6260
7999
715
8671
5863
8290
9968
3602
1798
2040
9698
239
1072
7916
9267
2515
1714
7804
6125
1603
5523
7255
8899
2721
573
565
2534
267
6997
5469
3650
5248
9020
4071
1848
8991
606
4127
2391
7071
4119
2258
4756
8837
6965
1289
9752
9845
2793
3743
4488
8824
7015
784
8208
7461
509
2416
7785
9215
3585
4821
554
1900
1506
7266
2570
2718
4209
7472
915
6111
1896
731
9618
221
3016
3015
3659
7584
7921
7310
3530
5812
7674
5239
916
360
7248
2787
8700
113
875
7527
9953
619
8652
7665
9236
3310
7155
7450
4680
4633
8462
8087
5474
557
6235
8075
2560
4440
94
9100
8646
7469
7710
8720
5635
1341
6425
6932
9458
244
3432
6616
797
9250
830
2011
5867
9188
9322
2927
3994
3358
363
4905
6248
2840
6387
6967
3899
8754
7572
8830
2177
6149
6439
4366
5745
6120
7916
9204
5888
7964
9804
1613
7392
564
5642
658
5475
5252
1464
3653
3725
2741
7589
6341
9783
8049
7428
6081
2352
6738
8504
3991
4286
2178
907
1288
1074
8622
5550
7274
4810
4188
9771
1609
3200
3366
6246
9803
4063
7778
3602
2718
8853
4991
1999
5905
9988
7774
5201
8172
7859
8058
1229
8460
8370
2166
7852
5711
8315
7202
4434
3432
6195
6138
3224
7856
7743
1723
8149
5386
1956
4385
9675
8400
1431
6242
638
9823
