1363
4535
6260
2121
631
6030
1174
2024
5887
7645
817
9456
9087
489
6474
2957
8756
6002
4955
7713
8529
7597
1394
3597
2707
6864
6869
8648
54
5578
1252
6095
7249
7132
1799
8153
2781
1784
7414
838
3075
7460
7671
9172
4659
539
994
3597
1216
801
9665
1104
5480
6816
2931
2746
7842
1396
2512
8545
4944
8895
934
893
7972
5561
4993
6179
8063
3496
8458
4624
7140
1848
134
1934
6508
5416
9887
8534
1570
3329
2528
2674
190
659
6250
6189
8415
1661
6308
9882
753
7865
8431
6814
3407
7762
7639
4731
5650
2642
5189
3177
6935
2541
5297
9779
4334
2228
5541
2780
8958
5798
7341
8844
4023
8922
8667
9803
32
8513
1431
6088
4430
7611
4227
630
4262
7033
7900
9636
9769
3691
9580
3079
2382
1013
3533
8071
6990
6178
4632
9315
3529
1301
8300
4657
7542
2776
8378
7254
935
5956
364
4686
9482
6939
6150
1801
3340
1109
8596
3139
7081
6549
5363
7517
4847
7655
8829
2509
4272
4376
3308
5279
5557
8402
2943
1014
6559
1683
5978
7668
857
5417
8567
5585
8698
8764
2315
619
2695
359
4852
4763
5909
6853
1262
5424
4252
6532
8405
2202
1559
1113
4164
9221
1495
4832
3484
1727
8119
9741
9328
2696
9163
6404
8205
7285
6850
8465
5575
6561
1194
9797
7391
1969
9970
9438
241
6466
6666
2866
5193
66
2391
2792
2805
5127
3108
6835
1174
9647
2018
1803
7232
7526
1791
5498
2129
9438
5205
8080
478
8798
5273
5619
4121
7017
3012
2486
4015
6297
2286
1637
2430
5640
3078
3386
7827
1291
9758
8431
689
4380
2131
6449
9294
1298
7627
7134
6295
7919
6023
9355
8084
5285
920
4596
1142
8342
6062
6608
1821
8472
5643
8895
6518
6049
6181
1300
6050
6772
9323
4569
8498
2583
4223
8596
2701
5104
4353
8260
5956
2476
6973
4535
8829
5644
5323
9084
1099
4365
1124
6367
3503
8514
1748
8679
2952
8560
4027
3240
1045
8102
2253
1493
4075
3639
9097
8966
9779
9397
9399
7489
1098
3371
122
9528
1356
7207
6102
2863
3659
1810
2075
5113
5913
5597
7167
8158
9557
1291
5929
6667
7857
2773
6969
54
4978
8718
5750
2380
7874
5331
7536
9880
4032
6942
3556
338
2102
4984
4669
1778
1578
3880
7287
7520
1870
8125
8782
3802
2803
7267
1542
3841
4666
2966
4756
8128
7595
4400
9049
4665
6366
9168
6271
4462
7031
5578
5804
1881
975
6436
5412
2505
6061
4580
523
1801
675
3284
3031
5775
6021
287
3459
5390
6052
6875
7873
3960
9865
515
1879
3795
8845
1551
3434
86
2133
3906
8312
1825
9419
2992
6303
8823
535
4778
1675
4345
5516
1448
9181
639
2447
6017
6071
8997
9683
5818
1635
2513
3328
3465
7347
8829
9569
7012
7956
8613
3692
3035
9772
7758
9293
959
3442
7776
2780
6301
6716
6594
797
891
3891
5953
3830
9358
8948
8684
3530
5286
7008
1679
8084
4726
7218
4842
8752
243
2848
9950
4979
7369
6731
3027
4954
1765
1617
1577
7232
8594
2898
8009
10
8307
9951
2214
2092
7994
1070
8134
5694
7187
4458
6903
6137
2944
4056
6608
3068
1777
5028
2789
235
5823
2426
9558
1559
8070
2448
8581
4824
4349
464
6802
2454
7747
4404
9412
1975
4904
4186
7446
5699
4277
7383
8620
6708
9433
3240
3665
4985
4768
35
5183
1594
2914
940
1097
8581
5558
307
696
5703
401
6907
4864
630
9951
7206
6463
4843
1661
652
290
157
9424
8682
4211
3704
933
5990
1442
6381
8614
4545
2703
9827
4246
8774
1682
9307
6009
5007
3639
8545
5843
6790
7769
9182
108
3865
4298
3595
6092
8519
7180
2608
7881
1367
5599
1386
233
1319
4712
8266
3670
2834
7514
634
4574
1611
9939
251
1588
9430
4565
8155
807
4118
8960
1810
2348
7665
3609
5099
5322
1103
5513
5023
2626
8673
4197
8540
2281
3455
2501
9397
9972
8330
6530
6788
2975
384
5905
8315
7578
2173
663
727
6112
7566
1720
4197
9029
6817
8129
9951
4939
2985
9373
6319
17
8334
6775
5572
9113
1153
1694
866
7188
3709
750
2980
7069
3480
1920
1516
7279
8777
7824
7275
6291
1907
6279
9501
7689
5663
2565
3531
7187
4953
684
1460
4857
2577
5164
7141
7436
5874
3974
9701
9387
2303
5424
1934
4219
8120
9556
3813
4535
3372
9461
6475
772
7705
1983
796
8206
7278
5129
4388
821
9026
8250
5809
2126
6878
9573
6084
7863
1973
5923
6561
8331
8180
4924
5238
9086
6243
5217
3497
8294
7163
6217
1337
9382
850
5429
5142
9512
5538
1074
2845
7157
9721
5435
7372
7188
3625
6569
996
5854
5758
696
7036
8890
6592
9526
5185
42
5790
6363
267
5744
5435
4064
587
478
4965
1902
1905
7321
3055
1763
3547
8729
7153
9379
8871
3600
8870
5385
3209
3364
7379
6505
9736
9323
3095
7699
8754
50
3789
2758
9408
5722
6926
2351
4805
8927
2692
7356
3503
6022
5050
5697
7152
1427
3807
9798
4887
340
6009
2411
2151
5854
5349
3849
6105
3682
2093
311
845
1003
4835
9157
4764
6102
6202
7529
921
8478
5267
884
550
756
4501
5887
8674
5608
3830
2839
8832
2054
1606
4018
1731
8239
6491
2381
805
4499
8646
4933
4935
4280
9620
6798
7875
7818
9329
1426
7021
7631
3815
9609
8472
7989
2293
1074
8740
7035
3419
1004
1461
5065
4369
1203
6992
1613
9574
6522
1918
7714
9702
7473
1219
6654
7909
3491
4968
153
3497
479
7124
838
3380
8657
281
7359
5118
5053
7723
3137
4673
1767
4635
8289
7342
9873
4626
1609
605
6114
793
3172
6705
4848
3253
529
3322
6170
2816
2663
8996
6116
994
5910
5981
9775
5423
8357
3652
9028
9274
7342
8525
1197
7431
3442
8657
7537
5389
4842
6402
8538
5354
7483
4107
4037
2769
5061
8102
7573
7983
3784
1496
1379
2988
9460
55
3270
7468
3692
1323
6540
3893
6837
6802
8290
5738
272
8206
4566
502
1570
7113
7750
4933
2461
6425
5828
1228
7021
2398
2553
7641
2545
5735
8707
2149
8547
7973
6028
2485
6550
5240
1416
144
5707
1477
1467
699
2848
4633
5636
2656
902
7031
1130
333
5789
9437
6834
2377
3358
6229
4058
2833
6836
6935
5013
657
5896
4540
6227
8958
7368
285
188
3200
8788
4810
4842
2253
2629
5670
336
2767
473
687
1370
8120
5631
8988
2418
6012
2811
5968
6844
6013
3031
9851
5919
6100
9431
3567
6977
3787
6263
7263
1997
2791
4547
3972
6788
9763
5426
3257
8285
4168
7712
1718
1706
2024
55
1227
729
5450
4506
5394
9107
3855
8509
8246
2820
5747
788
3539
3128
783
4022
4211
7551
2140
6797
9399
9084
4242
6909
9175
5440
3358
6527
8080
8893
3986
4986
7740
7642
6198
5596
5728
8195
8812
2826
8494
8281
6529
34
5947
7693
3487
7001
9995
2868
7232
2726
3848
7416
3870
234
1122
3020
2789
986
4496
4937
2313
4266
2948
4569
8468
8728
2941
9647
5943
8146
9942
9553
6082
4901
956
6164
3999
4228
7308
2899
3433
1649
9771
5291
1114
8443
5535
3029
5617
2660
5723
5745
9475
9197
6520
8123
2520
6656
4174
4909
3078
3722
8338
9601
315
6915
201
8545
2611
9227
1723
2749
4202
8195
1987
1064
3275
9125
7203
6528
8023
7665
7172
2056
4306
6406
6154
2643
7975
329
8598
2367
3419
5172
5334
844
4047
6750
3271
9288
4271
9587
4602
4200
7271
9856
6788
7445
854
7485
5744
3776
5258
8183
1759
6483
7499
8969
7152
8230
2308
6838
1034
4363
3499
5926
918
9927
754
139
3209
2237
3142
8542
8431
1592
5509
2619
5524
7876
8524
6134
4171
906
1614
9336
466
6470
3265
4922
2476
3399
4131
2716
7310
1043
1562
8051
8278
5332
1736
4637
4756
5235
9533
7826
3420
7711
4423
969
3540
6090
6644
6948
4441
3873
5064
8537
9118
9590
7930
7133
1364
2427
4840
1567
6021
6668
5884
1599
777
2250
1814
9897
7964
9872
2088
6306
6279
3396
705
2317
9275
7259
9825
7883
8732
5289
8523
4781
1594
2181
2936
695
186
1781
8696
4338
7443
2762
948
6046
2181
4058
8783
8675
8196
3462
2347
9762
2275
9960
3767
2157
7626
5019
6166
7263
7594
8535
4027
537
2071
3031
7488
7898
100
8537
5734
9467
9789
9121
6007
7540
877
5530
7767
4046
6096
7115
3753
2934
2163
8993
8318
1883
8072
5502
6264
9380
6645
2046
700
8865
7228
1218
1014
9916
1541
6124
1351
1883
3559
7077
9049
950
8165
5358
3795
6543
4757
3457
4791
819
9581
4979
7225
9099
8951
3592
2747
9455
2851
8179
1171
424
4778
8169
2558
2416
3616
5569
1421
4729
404
7098
2078
8662
7026
2281
1030
5610
7799
1133
9273
3995
7076
688
9884
594
9067
4429
3362
8018
6646
9417
835
4083
6552
9296
7291
3290
3051
9612
446
8039
8328
1348
1801
5130
7654
6895
7652
4626
9241
5443
8995
7924
6123
5407
7356
6036
3833
9841
1891
1011
9044
1988
9216
4454
6968
794
4546
2558
6265
6914
765
9321
6937
3159
5407
9797
9702
9764
3617
4844
3344
3991
4361
9793
4024
4161
4764
5157
8596
5431
592
8485
4592
5881
8767
3156
2398
8717
1895
3441
4654
5351
1967
9221
8888
3478
9732
6027
9654
6974
8658
7356
9887
3757
1150
4742
4782
8844
2224
2136
9217
9077
2494
3484
2957
1324
9283
6066
1471
5915
878
5605
8413
8237
2311
829
5051
5991
6588
7344
3018
9406
6810
5861
1179
601
2423
1527
2273
340
7756
6994
9956
9005
6976
2237
5553
8143
8944
6996
2479
9497
3371
528
3564
2347
3993
1509
5990
3676
8651
9673
6118
9338
2125
172
3687
2895
6568
2152
2933
8892
5765
6070
6720
3413
4252
4650
6063
520
970
9245
4561
7915
5825
3493
8462
8850
4073
9187
9724
3226
9748
4664
3775
7109
8080
6869
3160
2050
8725
5406
8846
9128
8574
6809
9385
9663
4084
2345
8842
3803
8662
8994
5993
6805
6037
536
6215
2408
9244
7497
1362
5365
6652
3363
9159
2532
3701
4339
721
3656
2817
8011
7647
7917
9883
1503
2308
8544
6109
9821
5816
363
4295
5622
4364
9867
5083
7437
7531
6832
8020
2699
1708
5857
4199
8381
7779
6250
7986
4971
1639
9027
738
3333
9182
4046
9393
3708
8373
4588
1691
6682
3820
220
5457
9407
5742
1201
3543
9065
3934
1599
8664
399
4093
4178
3929
2762
1880
3947
9963
1728
1293
9257
8362
4991
9918
6271
290
2547
3119
503
7378
5828
1514
3411
8888
7903
1138
1867
2076
6302
3300
9528
7225
8487
8425
4636
3222
6414
8840
3468
7170
8232
5704
3324
1422
3437
6819
3189
1556
1576
4167
4021
8949
6351
3910
771
8113
6058
6557
9661
3455
1442
9409
8016
3085
5431
1573
4339
4305
4637
120
2769
9789
516
1148
465
1169
5683
8033
9587
4075
3777
7072
5210
713
5919
7412
8352
6815
4197
5746
2170
2596
6696
1929
3194
2039
3844
5908
9963
6591
9756
9613
4428
9536
5003
1852
2140
5049
3398
4925
8398
7785
32
6607
7145
9986
697
2472
127
9527
8660
182
1288
879
8340
5952
5066
3099
5746
9595
6775
4164
8493
7001
9364
8669
5439
4076
8129
2824
4152
6329
3465
68
8458
6103
7048
9524
160
9462
804
891
5979
1756
1001
4692
5866
3722
3557
1902
405
1518
109
6723
9622
658
6842
5658
8757
7457
9652
6771
4687
1450
2633
1520
1682
5053
8889
547
5800
7698
8689
4945
4989
937
4755
2038
4062
8619
2014
9843
9280
7824
6383
7570
2890
4602
1124
1898
2609
6255
137
9901
1918
7684
1649
5535
4029
9364
5650
1010
261
7552
4077
8380
6127
1152
8920
538
917
7816
7162
2398
6376
6758
2931
8435
9165
5815
4405
4145
4646
8809
4899
8508
4073
9787
7317
7303
8543
3393
5749
6
1179
1252
5097
3009
6084
5126
3949
2548
3985
3411
4492
4931
5568
6179
8315
7019
1732
9387
8146
9764
3353
2436
4824
722
4980
451
6186
123
2971
6519
7239
9987
2750
6770
2619
2083
9521
5550
694
6392
8936
5073
2937
3351
8878
6411
2268
5022
7985
4844
1646
5926
2509
9107
9770
340
7795
4801
6947
3839
3830
4203
1708
5244
2947
398
726
1350
2490
6765
887
7289
4669
6566
3219
7533
8068
8612
8010
9567
5930
7597
2654
2571
855
9402
7055
5846
1627
5479
2020
4376
5652
8177
2296
7271
6572
1468
8255
7614
7507
9143
3604
8988
4388
5543
5361
537
8950
7647
1481
1732
3777
5217
629
4727
9851
9135
6825
7276
6783
8010
1906
7961
1144
2876
3183
8134
7743
2113
5785
9327
3983
4223
6833
7797
5825
5590
9988
2480
9145
9426
8365
9279
6108
7902
9335
1295
6764
1283
2509
6649
5746
8511
8849
7398
8423
7360
8725
9918
6191
4703
3689
3614
307
9977
433
968
2009
2232
2322
7364
1121
1921
730
7317
2318
2935
3033
9542
5728
6269
9103
8819
1706
5448
8548
2211
789
2658
2174
6643
416
9739
2930
3695
9394
474
6090
313
4958
370
8207
3755
7873
640
6995
8825
9740
2272
7406
7136
8712
2943
2883
8588
5642
5386
6719
1653
4645
9062
8637
7784
7367
473
5976
8148
1425
134
2302
4507
9670
2150
1054
1113
239
6849
3278
3793
936
5197
1387
6930
7307
9677
1661
7560
2727
9258
9238
7935
3484
5199
328
8739
726
8926
7888
7747
2756
5216
9891
7699
5748
6970
7059
785
9548
251
765
1999
7431
9505
6419
6703
6043
764
1057
7005
8227
2618
9710
5157
5550
2594
2401
2886
3027
5932
909
5199
1070
8829
4427
2213
268
8384
7811
3734
9215
8048
6
760
3022
1282
3914
715
4765
9263
7667
4221
20
9136
6155
1980
4862
114
9326
4374
4608
4344
7604
8684
4004
4240
7419
3909
866
1390
6577
2799
8010
7652
2987
9840
5536
7923
7445
1626
3620
2459
2711
1277
8716
4414
5119
935
8497
3907
3601
487
4515
7207
9256
1135
5898
4414
9831
2583
5594
7430
9281
6269
8626
124
8481
3338
7921
7864
7591
705
1429
1876
5408
1713
5345
5754
4913
9722
4651
5467
7711
7564
943
7323
8221
4122
7891
6074
5171
9486
3945
9774
4568
3302
5226
8316
3421
380
5205
1669
3413
7331
1268
1437
7780
7037
294
5079
5314
905
9663
4235
4908
8394
3753
730
2024
9379
3444
4713
5987
2719
2753
8505
9497
1469
5335
9399
5649
1960
8080
2654
3874
6916
5908
9242
3509
7412
752
1320
1944
889
3938
1050
3100
4789
6403
6278
4925
7630
4625
8590
3451
1502
1512
1290
8921
3558
2605
5617
945
6595
9527
631
5762
7177
3050
4784
1192
2140
9281
6915
9687
5405
4119
9770
8515
2705
898
3589
9470
7758
9101
6382
8591
8318
7969
9175
363
2742
9327
1311
4131
4833
9004
6132
2634
2821
9594
