4324
9600
8972
4912
8670
5147
3770
7393
7748
618
5371
2518
2490
6250
1230
2756
4532
6461
7537
4728
7637
402
9470
8105
355
7248
399
8477
2695
2334
7902
9316
8928
5602
4215
597
2295
229
4446
7732
3437
8144
9789
8332
2864
3637
1462
2718
348
3499
7879
7814
8511
3863
4507
2791
7045
2740
3357
1555
3394
5696
9687
7144
4078
8130
5128
9578
3066
6859
868
8281
4161
1576
3222
2383
8137
7569
1553
6584
7961
8465
7604
7838
5540
7875
5707
6608
452
6197
5490
4991
9042
2972
4965
6693
3426
8276
9522
5170
2779
4401
7792
2500
9747
4391
3833
3426
1594
9266
5043
1541
3933
2963
7148
3796
8219
6280
7891
8346
1908
5095
3780
7702
6221
2454
4347
1583
3807
4954
8490
6658
3184
5099
9589
314
6793
6496
3467
1194
7158
3404
1791
5737
7677
7492
4052
5787
2630
3083
6215
5016
8249
5373
9590
9836
9540
7028
6271
315
2475
5562
9443
222
8730
9260
8633
7149
103
183
2366
9147
7074
7027
6042
6809
7694
6824
6271
424
2825
2112
9003
6047
6151
9675
6668
1412
9261
4185
2771
2171
4025
1336
2193
2457
6623
6554
3566
1507
8079
4161
1192
6280
7746
8074
4168
3511
8978
2628
4593
8799
8521
747
3138
4209
9570
5526
7355
1747
9868
9401
3836
7268
1165
4647
5176
2776
9507
6871
8088
4639
3206
3282
7949
7798
6377
2647
5933
2153
1919
5291
1775
6131
122
1552
5473
7684
2238
5521
8262
541
2116
5511
1726
4891
5179
3579
5533
1230
41
7177
5981
6869
1888
5533
1391
9304
4011
9180
8957
9778
8711
5010
5371
7625
2767
6211
9500
6154
5023
7584
1457
6102
7930
3433
348
5027
6711
5737
1219
624
5286
9810
3935
5210
8561
7302
7332
4580
9501
9471
3051
3910
9504
7356
3643
5188
7580
5480
2631
745
2937
3464
3233
6177
658
3601
3531
8320
9765
2980
494
6754
2158
5959
1444
3968
7277
6978
3439
2155
563
8498
5181
7289
9708
9053
5155
5641
1126
9683
5094
3524
9713
8237
2968
386
9806
8628
9423
8150
1561
7281
8162
2120
9987
2221
509
7469
3912
1284
3157
8180
2240
1098
3221
2815
2321
8362
3205
2620
3953
7927
2140
2608
1081
5345
2284
1743
4917
8567
9068
8554
3720
8323
2708
3989
7676
2454
4993
1299
1383
6304
7304
1041
4345
5548
2231
653
4370
6
4087
7265
8976
570
4222
3999
1158
9946
2529
586
265
1036
8534
4142
2948
9518
5591
1470
9835
2727
7891
6616
6300
7595
206
2967
8881
6826
9529
261
6482
3077
6396
715
24
6750
3312
9286
4700
2252
7017
1255
3166
4776
7920
4104
7650
6711
2511
5174
4820
6019
4854
1087
524
520
8907
4330
9277
3961
5917
3517
6455
7004
6057
926
2924
8953
3413
4410
8944
8362
6202
9420
9593
9135
3792
7387
1334
7057
5761
2114
812
2848
9983
8301
2268
8732
7985
461
5008
1644
5720
7352
6068
7791
4289
1168
3921
621
1811
4286
6724
8264
3943
9307
1502
4964
9560
2651
5460
5185
5024
9670
7431
1521
2450
8532
3982
42
1798
9285
6271
521
3790
3018
8252
5153
2920
6611
9818
2687
2748
5926
6349
7803
9413
2664
6880
7933
3756
7772
3681
473
7376
6549
8104
4441
930
6906
2503
8806
6093
6997
1213
1619
1443
5687
6565
4262
3714
4364
8156
6931
901
7286
176
3222
2935
2905
8931
4189
9906
3170
1055
8784
5733
2821
1619
5806
8741
2913
2332
8277
9754
4434
2399
4174
2074
3379
5954
7698
4099
7006
7354
7997
6338
1906
6287
6846
6385
6512
5964
3847
6988
2802
6419
6248
2036
2471
6318
8050
6909
4751
1167
7706
4978
7024
5832
1117
3817
2707
1239
938
8672
5102
6761
1553
6566
223
2400
998
359
4225
1487
7649
6095
8158
1490
7637
6048
322
6042
1579
5119
1239
4934
362
8520
9074
29
3365
9170
9354
1480
9938
6284
2272
2205
5570
6423
3023
4757
4690
9550
3010
1359
1565
7679
7100
5950
7484
9837
3480
6157
4059
8831
6797
6003
7112
9488
5293
6834
5547
3561
2539
169
4141
2780
1943
5097
5862
6935
632
1140
5031
5704
4276
9137
1872
9456
4879
3740
496
2464
4317
9435
1239
7920
3062
4556
2809
5631
3813
2282
4993
1700
8940
4142
9567
9443
7608
6097
8512
6491
4237
1439
9512
9868
7358
3320
1695
4085
9995
2625
6485
6700
4343
1063
8275
551
9908
1251
8240
1447
1982
969
5820
8389
6817
1019
5692
8853
3815
3274
6435
982
9426
1532
5722
2891
3826
777
8012
3860
5764
495
0
9477
4184
6358
691
328
9597
3982
4881
335
1899
3172
2624
1601
4188
1588
7818
2806
2551
3880
5669
8142
8091
254
5712
9947
9765
7479
3916
3279
6846
236
4596
8143
9877
1115
2203
9751
6548
528
3329
440
7648
5599
9265
4604
5458
5437
8634
8586
1182
3326
3896
5317
5245
360
1310
6015
8891
2023
8499
6875
542
6042
4390
1391
7153
2907
7710
3176
1181
3404
1011
9832
3347
3005
1859
8586
9256
9642
8930
6
6717
6960
8705
3328
8922
4608
441
5243
7271
6204
4692
9515
4807
9119
4841
328
3793
554
5858
7022
2220
7912
3451
6449
998
4258
5914
5966
6609
4351
5733
9501
9882
7155
2676
9171
5816
3929
2628
3300
8894
7563
6629
1829
7517
4830
3649
1646
3625
5227
4874
4078
4693
3319
1294
5482
7277
340
3081
4462
6689
4128
1352
6884
7273
2251
3605
8449
7162
6135
916
9820
6483
5464
7657
3643
5972
7466
4403
5526
4940
5394
3513
5868
3820
9005
6288
1524
3902
308
7590
2524
6540
8897
5262
4557
2366
7291
6152
304
4132
6845
2156
7497
4923
9830
4227
2546
4000
4585
338
2803
4207
8804
7044
5596
6
8333
4787
1813
5035
3801
8643
8365
2838
7126
5259
8446
6508
6488
1329
2066
3482
3521
7232
5855
1818
841
3145
4109
4021
3550
6387
521
2437
5476
9280
6322
6070
